yMax1:-0.225629
yMax2:-0.224765
